Q = [1, 5, 8, 6, 3, 7, 2, 4] ;
Q = [1, 6, 8, 3, 7, 4, 2, 5] ;
Q = [1, 7, 4, 6, 8, 2, 5, 3] ;
Q = [1, 7, 5, 8, 2, 4, 6, 3] ;
Q = [2, 4, 6, 8, 3, 1, 7, 5] ;
Q = [2, 5, 7, 1, 3, 8, 6, 4] ;
Q = [2, 5, 7, 4, 1, 8, 6, 3] ;
Q = [2, 6, 1, 7, 4, 8, 3, 5] ;
Q = [2, 6, 8, 3, 1, 4, 7, 5] ;
Q = [2, 7, 3, 6, 8, 5, 1, 4] ;
Q = [2, 7, 5, 8, 1, 4, 6, 3] ;
Q = [2, 8, 6, 1, 3, 5, 7, 4] ;
Q = [3, 1, 7, 5, 8, 2, 4, 6] ;
Q = [3, 5, 2, 8, 1, 7, 4, 6] ;
Q = [3, 5, 2, 8, 6, 4, 7, 1] ;
Q = [3, 5, 7, 1, 4, 2, 8, 6] ;
Q = [3, 5, 8, 4, 1, 7, 2, 6] ;
Q = [3, 6, 2, 5, 8, 1, 7, 4] ;
Q = [3, 6, 2, 7, 1, 4, 8, 5] ;
Q = [3, 6, 2, 7, 5, 1, 8, 4] ;
Q = [3, 6, 4, 1, 8, 5, 7, 2] ;
Q = [3, 6, 4, 2, 8, 5, 7, 1] ;
Q = [3, 6, 8, 1, 4, 7, 5, 2] ;
Q = [3, 6, 8, 1, 5, 7, 2, 4] ;
Q = [3, 6, 8, 2, 4, 1, 7, 5] ;
Q = [3, 7, 2, 8, 5, 1, 4, 6] ;
Q = [3, 7, 2, 8, 6, 4, 1, 5] ;
Q = [3, 8, 4, 7, 1, 6, 2, 5] ;
Q = [4, 1, 5, 8, 2, 7, 3, 6] ;
Q = [4, 1, 5, 8, 6, 3, 7, 2] ;
Q = [4, 2, 5, 8, 6, 1, 3, 7] ;
Q = [4, 2, 7, 3, 6, 8, 1, 5] ;
Q = [4, 2, 7, 3, 6, 8, 5, 1] ;
Q = [4, 2, 7, 5, 1, 8, 6, 3] ;
Q = [4, 2, 8, 5, 7, 1, 3, 6] ;
Q = [4, 2, 8, 6, 1, 3, 5, 7] ;
Q = [4, 6, 1, 5, 2, 8, 3, 7] ;
Q = [4, 6, 8, 2, 7, 1, 3, 5] ;
Q = [4, 6, 8, 3, 1, 7, 5, 2] ;
Q = [4, 7, 1, 8, 5, 2, 6, 3] ;
Q = [4, 7, 3, 8, 2, 5, 1, 6] ;
Q = [4, 7, 5, 2, 6, 1, 3, 8] ;
Q = [4, 7, 5, 3, 1, 6, 8, 2] ;
Q = [4, 8, 1, 3, 6, 2, 7, 5] ;
Q = [4, 8, 1, 5, 7, 2, 6, 3] ;
Q = [4, 8, 5, 3, 1, 7, 2, 6] ;
Q = [5, 1, 4, 6, 8, 2, 7, 3] ;
Q = [5, 1, 8, 4, 2, 7, 3, 6] ;
Q = [5, 1, 8, 6, 3, 7, 2, 4] ;
Q = [5, 2, 4, 6, 8, 3, 1, 7] ;
Q = [5, 2, 4, 7, 3, 8, 6, 1] ;
Q = [5, 2, 6, 1, 7, 4, 8, 3] ;
Q = [5, 2, 8, 1, 4, 7, 3, 6] ;
Q = [5, 3, 1, 6, 8, 2, 4, 7] ;
Q = [5, 3, 1, 7, 2, 8, 6, 4] ;
Q = [5, 3, 8, 4, 7, 1, 6, 2] ;
Q = [5, 7, 1, 3, 8, 6, 4, 2] ;
Q = [5, 7, 1, 4, 2, 8, 6, 3] ;
Q = [5, 7, 2, 4, 8, 1, 3, 6] ;
Q = [5, 7, 2, 6, 3, 1, 4, 8] ;
Q = [5, 7, 2, 6, 3, 1, 8, 4] ;
Q = [5, 7, 4, 1, 3, 8, 6, 2] ;
Q = [5, 8, 4, 1, 3, 6, 2, 7] ;
Q = [5, 8, 4, 1, 7, 2, 6, 3] ;
Q = [6, 1, 5, 2, 8, 3, 7, 4] ;
Q = [6, 2, 7, 1, 3, 5, 8, 4] ;
Q = [6, 2, 7, 1, 4, 8, 5, 3] ;
Q = [6, 3, 1, 7, 5, 8, 2, 4] ;
Q = [6, 3, 1, 8, 4, 2, 7, 5] ;
Q = [6, 3, 1, 8, 5, 2, 4, 7] ;
Q = [6, 3, 5, 7, 1, 4, 2, 8] ;
Q = [6, 3, 5, 8, 1, 4, 2, 7] ;
Q = [6, 3, 5, 8, 1, 4, 2, 7] ;
Q = [6, 3, 5, 8, 1, 4, 2, 7] ;
Q = [6, 3, 5, 8, 1, 4, 2, 7] ;
Q = [6, 3, 5, 8, 1, 4, 2, 7] ;
Q = [6, 3, 5, 8, 1, 4, 2, 7] ;
Q = [6, 4, 7, 1, 3, 5, 2, 8] ;
Q = [6, 4, 7, 1, 8, 2, 5, 3] ;
Q = [6, 8, 2, 4, 1, 7, 5, 3] ;
Q = [7, 1, 3, 8, 6, 4, 2, 5] ;
Q = [7, 2, 4, 1, 8, 5, 3, 6] ;
Q = [7, 2, 6, 3, 1, 4, 8, 5] ;
Q = [7, 3, 1, 6, 8, 5, 2, 4] ;
Q = [7, 3, 8, 2, 5, 1, 6, 4] ;
Q = [7, 4, 2, 5, 8, 1, 3, 6] ;
Q = [7, 4, 2, 8, 6, 1, 3, 5] ;
Q = [7, 5, 3, 1, 6, 8, 2, 4] ;
Q = [8, 2, 4, 1, 7, 5, 3, 6] ;
Q = [8, 2, 5, 3, 1, 7, 4, 6] ;
Q = [8, 3, 1, 6, 2, 5, 7, 4] ;
Q = [8, 4, 1, 3, 6, 2, 7, 5] ;